surfaceInfo="A3\data_f\Penetration\iron_cast.bisurf";
ambient[]={0.80000001,0.89999998,0.85000002,1};
diffuse[]={0.80000001,0.89999998,0.85000002,1};
forcedDiffuse[]={0,0,0,0};
emmisive[]={0,0,0,1};
specular[]={0,0,0,1};
specularPower=1;
PixelShaderID="Normal";
VertexShaderID="Basic";
